coef Ed to C nrg i[nrg,ind]=TABBED ARRAY(
	0	0	0.608454	0.0147077	0.9991	0.913684	1	0	0	0	0	0	0	0	0	0	0	0	0
	0.98596	0.885462	0.443038	0.446605	0.99995	0.995462	0.479803	0.881375	0.950971	0.999679\
			0.999964	0.995718	0.999974	0.996063	0.980307	0.999864	1	1	0.990874
	1	1	0.96715	1	0.980301	1	1	1	1	1	1	1	1	1	1	1	1	1	1
	0.948685	1	0.989508	1	1	1	1	1	1	1	1	1	1	1	1	1	1	1	1
	0	0	0	0	0	0	0	0	0	0	0	0	0	0	0	0	0	0	0
	)
	~	Dmnl
	~	kton/euro
		NOTE: elect and renew have 0 for co2 coeff
		GET_DIRECT_CONSTANTS('environment.xlsx', 'emission', 'B28')