bridge ip[ind,coicop]=TABBED ARRAY(
	0.1474	0	0	0	0	0	0.0001	0	0	0	0	0	0	0	0.0006	0.0001
	0.006	0.0341	0.0026	0.0021	0.0007	0.2015	0.0011	0.001	0	0	0.0002	0.0191	0	0.0005	0.0021\
			0.0001
	0.7711	0.539	0.6939	0.0001	0	0	0.1202	0.2553	0	0	0.0042	0.0001	0	0	0.2515	0.0177
	0.0043	0.0243	0.0018	0.0015	0.0005	0.3354	0.0008	0.0007	0.0363	0	0.0002	0	0	0.0003	0.0015\
			0.0001
	0.0046	0.0261	0.002	0.0016	0.0006	0.4631	0.0008	0.0007	0	0	0.0002	0	0	0.0003	0.0016	\
		0.0001
	0	0	0	0	0.5878	0	0	0	0	0	0	0	0	0	0	0
	0	0	0	0.0061	0	0	0.1576	0	0	0	0	0	0	0	0	0
	0.0566	0.3202	0.0241	0.0199	0.0068	0	0.0103	0.009	0.9562	0	0.0022	0.8643	0	0.0043	0.0199\
			0.0013
	0.0056	0.0318	0.0024	0.002	0.0007	0	0.001	0.0009	0.0058	1	0.2773	0.065	0	0.1841	0.002\
			0.0001
	0	0	0	0.0543	0	0	0	0	0	0	0	0	0	0.7948	0	0
	0	0	0	0	0	0	0.0815	0	0	0	0.7121	0.0019	0	0	0	0.1813
	0	0	0	0	0	0	0	0	0	0	0	0	0	0	0	0.4714
	0	0	0	0.9107	0.3107	0	0	0	0	0	0	0	0	0.0152	0	0.0869
	0	0	0.0495	0.0001	0.0918	0	0.0142	0.0095	0	0	0.0029	0.0004	0	0.0002	0	0.196
	0.0037	0.021	0.0016	0.0013	0.0004	0	0.0007	0.0006	0	0	0.0001	0	0	0.0003	0.0013	0.0001
	0.0006	0.0031	0.0002	0.0002	0.0001	0	0.0001	0.0001	0.0016	0	0	0.0479	1	0	0.0002	0
	0	0	0	0	0	0	0.0002	0.6895	0	0	0	0	0	0	0	0.0072
	0	0	0	0	0	0	0.3369	0	0	0	0	0.0011	0	0	0	0
	0	0.0002	0.2219	0	0	0	0.2745	0.0328	0	0	0.0005	0	0	0	0.7192	0.0376
	)
	~	Dmnl
	~	COICOP NACE bridge matrix: GET DIRECT CONSTANTS('economy.xlsx', 'consumption', 'U3')
		
		Previous comment
		GET_DIRECT_CONSTANTS('economy.xlsx', 'consumption', 'B3')
	|